pair_id=94
inliers=4
inlier_RMSE_px=0.910802
MSE_matrix=41769.423455
MSE_points_50=493198439.764354
