pair_id=92
inliers=3
inlier_RMSE_px=0.000002
MSE_matrix=93083553380.124008
MSE_points_50=30410717.490324
