pair_id=10
inliers=4
inlier_RMSE_px=0.497498
MSE_matrix=62139.159843
MSE_points_50=39687288873.854149
