pair_id=105
inliers=4
inlier_RMSE_px=0.371293
MSE_matrix=128618.480903
MSE_points_50=1865109926799618304.000000
