pair_id=128
inliers=4
inlier_RMSE_px=0.406041
MSE_matrix=26539.699058
MSE_points_50=2831523355.092767
