pair_id=51
inliers=4
inlier_RMSE_px=0.463317
MSE_matrix=28973.106488
MSE_points_50=8847140300.138893
