pair_id=131
inliers=3
inlier_RMSE_px=0.000000
MSE_matrix=12435648.004483
MSE_points_50=643730.926616
