pair_id=182
inliers=3
inlier_RMSE_px=0.000000
MSE_matrix=832089821.558078
MSE_points_50=359282.409321
