pair_id=50
inliers=3
inlier_RMSE_px=0.000004
MSE_matrix=1651563814888.031250
MSE_points_50=525392560.633251
