pair_id=113
inliers=4
inlier_RMSE_px=1.065837
MSE_matrix=97750.087993
MSE_points_50=29775858364.193638
