pair_id=133
inliers=4
inlier_RMSE_px=0.481153
MSE_matrix=136483.144012
MSE_points_50=152962998135851328.000000
