pair_id=118
inliers=4
inlier_RMSE_px=0.983478
MSE_matrix=85032.106467
MSE_points_50=19207461763.419651
