pair_id=190
inliers=4
inlier_RMSE_px=0.670170
MSE_matrix=33612.463694
MSE_points_50=141895523787.250854
