pair_id=28
inliers=4
inlier_RMSE_px=0.573346
MSE_matrix=188910.955827
MSE_points_50=825777932134.157715
