pair_id=191
inliers=4
inlier_RMSE_px=0.758277
MSE_matrix=44362.797371
MSE_points_50=26866466769.204697
