pair_id=158
inliers=3
inlier_RMSE_px=0.000000
MSE_matrix=26884.210672
MSE_points_50=20718993.716358
