pair_id=176
inliers=3
inlier_RMSE_px=0.000549
MSE_matrix=413772525207.247498
MSE_points_50=64020048651116.382812
