pair_id=74
inliers=4
inlier_RMSE_px=0.065716
MSE_matrix=43565.124107
MSE_points_50=647270349589.433472
