pair_id=14
inliers=3
inlier_RMSE_px=0.000003
MSE_matrix=1052111522272.844849
MSE_points_50=587921.509825
