pair_id=8
inliers=4
inlier_RMSE_px=0.252786
MSE_matrix=41651.758646
MSE_points_50=601036612.527005
