pair_id=160
inliers=4
inlier_RMSE_px=0.943546
MSE_matrix=38017.072364
MSE_points_50=87743705.424876
