pair_id=17
inliers=4
inlier_RMSE_px=1.236119
MSE_matrix=191604.963832
MSE_points_50=566716.444827
