pair_id=106
inliers=4
inlier_RMSE_px=0.758518
MSE_matrix=93321.322712
MSE_points_50=2072712544257.033691
