pair_id=159
inliers=4
inlier_RMSE_px=0.435351
MSE_matrix=15031.080486
MSE_points_50=5606176.213785
