pair_id=62
inliers=4
inlier_RMSE_px=0.749197
MSE_matrix=52371.588098
MSE_points_50=4931120509.518887
