pair_id=164
inliers=4
inlier_RMSE_px=0.358311
MSE_matrix=99082.588155
MSE_points_50=17357975938.518299
