pair_id=115
inliers=4
inlier_RMSE_px=0.350325
MSE_matrix=5821.027479
MSE_points_50=15658358.255700
