pair_id=82
inliers=4
inlier_RMSE_px=0.844100
MSE_matrix=37368.133467
MSE_points_50=858386903.047743
