pair_id=77
inliers=3
inlier_RMSE_px=0.000020
MSE_matrix=13392503318.628727
MSE_points_50=9225124652.997160
