pair_id=103
inliers=4
inlier_RMSE_px=0.814589
MSE_matrix=4176585.844356
MSE_points_50=153846133876317920.000000
