pair_id=129
inliers=4
inlier_RMSE_px=0.467031
MSE_matrix=85404.271656
MSE_points_50=29257116933.812866
