pair_id=43
inliers=3
inlier_RMSE_px=0.000000
MSE_matrix=20869967.624546
MSE_points_50=977980.550298
