pair_id=76
inliers=4
inlier_RMSE_px=0.385102
MSE_matrix=96794.710501
MSE_points_50=9502334236932.367188
