pair_id=177
inliers=4
inlier_RMSE_px=0.380912
MSE_matrix=89292.795446
MSE_points_50=31217279.111317
