pair_id=134
inliers=4
inlier_RMSE_px=0.969467
MSE_matrix=75136.017567
MSE_points_50=21229664.322953
