pair_id=9
inliers=3
inlier_RMSE_px=0.000000
MSE_matrix=1521340.896353
MSE_points_50=15102070.268353
