pair_id=54
inliers=4
inlier_RMSE_px=0.158053
MSE_matrix=19674.129358
MSE_points_50=648254608.873341
