pair_id=34
inliers=4
inlier_RMSE_px=0.246513
MSE_matrix=88357.223575
MSE_points_50=19054214004543.351562
