pair_id=107
inliers=3
inlier_RMSE_px=0.000000
MSE_matrix=9470573.227724
MSE_points_50=21762449.555461
