pair_id=161
inliers=4
inlier_RMSE_px=0.678256
MSE_matrix=252940.528154
MSE_points_50=1038145.833791
