pair_id=53
inliers=3
inlier_RMSE_px=0.000000
MSE_matrix=403807.913015
MSE_points_50=105414081.569139
