pair_id=153
inliers=3
inlier_RMSE_px=0.000000
MSE_matrix=3163173.657473
MSE_points_50=6467249784.146061
