pair_id=27
inliers=4
inlier_RMSE_px=0.794078
MSE_matrix=11056.893156
MSE_points_50=162751964463.759583
