pair_id=49
inliers=3
inlier_RMSE_px=0.000000
MSE_matrix=144152.600884
MSE_points_50=21983799079.049377
