pair_id=55
inliers=4
inlier_RMSE_px=0.827709
MSE_matrix=445002.232307
MSE_points_50=19123505.275595
