pair_id=96
inliers=3
inlier_RMSE_px=0.000002
MSE_matrix=2007714174995.996582
MSE_points_50=5726484.193845
