pair_id=59
inliers=3
inlier_RMSE_px=0.000000
MSE_matrix=783057.605320
MSE_points_50=640253.221980
