pair_id=31
inliers=4
inlier_RMSE_px=0.640245
MSE_matrix=98090.264942
MSE_points_50=53298996.119854
