pair_id=116
inliers=4
inlier_RMSE_px=0.725239
MSE_matrix=13817.314960
MSE_points_50=1831903.682285
