pair_id=121
inliers=4
inlier_RMSE_px=0.852405
MSE_matrix=23200.992442
MSE_points_50=19283855461.913929
