pair_id=172
inliers=3
inlier_RMSE_px=0.000000
MSE_matrix=73206.722243
MSE_points_50=53000.706716
