pair_id=81
inliers=3
inlier_RMSE_px=0.000000
MSE_matrix=10562410919.554844
MSE_points_50=77212918483.014496
