pair_id=30
inliers=4
inlier_RMSE_px=0.501224
MSE_matrix=1805742.405692
MSE_points_50=396385.280685
