pair_id=38
inliers=4
inlier_RMSE_px=0.573539
MSE_matrix=143229.859469
MSE_points_50=100686081177.562912
