pair_id=126
inliers=4
inlier_RMSE_px=0.883968
MSE_matrix=38994.150253
MSE_points_50=2928202693.813800
