pair_id=132
inliers=4
inlier_RMSE_px=0.710305
MSE_matrix=70758.426642
MSE_points_50=39690149.374332
