pair_id=61
inliers=4
inlier_RMSE_px=0.974172
MSE_matrix=242721.639281
MSE_points_50=204407067.722413
