pair_id=162
inliers=4
inlier_RMSE_px=0.715031
MSE_matrix=99220.201785
MSE_points_50=29682677570.481083
