pair_id=195
inliers=4
inlier_RMSE_px=0.998863
MSE_matrix=2187.703342
MSE_points_50=696413764.435518
