pair_id=75
inliers=4
inlier_RMSE_px=0.799133
MSE_matrix=1175461.587428
MSE_points_50=4152542524.059725
