pair_id=152
inliers=3
inlier_RMSE_px=0.000000
MSE_matrix=463808.513503
MSE_points_50=100294003.023396
