pair_id=48
inliers=4
inlier_RMSE_px=0.832688
MSE_matrix=175548.892923
MSE_points_50=92099653.578016
