pair_id=139
inliers=4
inlier_RMSE_px=0.784540
MSE_matrix=37585.921225
MSE_points_50=986231563.963593
