pair_id=35
inliers=3
inlier_RMSE_px=0.000000
MSE_matrix=15424588316708.636719
MSE_points_50=113173.334033
