pair_id=12
inliers=4
inlier_RMSE_px=0.451990
MSE_matrix=148269.274117
MSE_points_50=50000234143830.367188
