pair_id=39
inliers=3
inlier_RMSE_px=0.000000
MSE_matrix=1943579.787419
MSE_points_50=11712454.343177
