pair_id=57
inliers=4
inlier_RMSE_px=0.345348
MSE_matrix=651935.923659
MSE_points_50=2029383.613827
