pair_id=142
inliers=4
inlier_RMSE_px=0.716149
MSE_matrix=88563.956941
MSE_points_50=101843977163519186436096.000000
