pair_id=170
inliers=4
inlier_RMSE_px=0.320381
MSE_matrix=52096.507366
MSE_points_50=52746855614442594304.000000
