pair_id=52
inliers=4
inlier_RMSE_px=0.530846
MSE_matrix=56507.864144
MSE_points_50=228922228122048.281250
