pair_id=21
inliers=3
inlier_RMSE_px=0.000000
MSE_matrix=15028.753888
MSE_points_50=198036.204836
