pair_id=72
inliers=4
inlier_RMSE_px=0.992690
MSE_matrix=78339.624033
MSE_points_50=12610421969915.964844
