pair_id=189
inliers=4
inlier_RMSE_px=0.962587
MSE_matrix=585318.809954
MSE_points_50=52828418.740154
