pair_id=199
inliers=4
inlier_RMSE_px=0.559940
MSE_matrix=131757.637910
MSE_points_50=426143638.968376
