pair_id=180
inliers=3
inlier_RMSE_px=0.000003
MSE_matrix=8774701.804020
MSE_points_50=39557327584135.976562
