pair_id=97
inliers=3
inlier_RMSE_px=0.000000
MSE_matrix=55438956.219544
MSE_points_50=1449086.228266
