pair_id=37
inliers=4
inlier_RMSE_px=0.927773
MSE_matrix=46141.639555
MSE_points_50=14659779964919181312.000000
