pair_id=188
inliers=4
inlier_RMSE_px=0.723894
MSE_matrix=847.715520
MSE_points_50=306594592089.228516
