pair_id=32
inliers=3
inlier_RMSE_px=0.000896
MSE_matrix=8587235691876.225586
MSE_points_50=2652801075561.622559
