pair_id=24
inliers=4
inlier_RMSE_px=0.762224
MSE_matrix=113049.528307
MSE_points_50=140957419.067366
