pair_id=99
inliers=4
inlier_RMSE_px=0.695421
MSE_matrix=72989.597799
MSE_points_50=423660.074129
