pair_id=120
inliers=4
inlier_RMSE_px=0.984308
MSE_matrix=7918.309075
MSE_points_50=154795.949062
