pair_id=69
inliers=4
inlier_RMSE_px=0.946054
MSE_matrix=6581031.713320
MSE_points_50=28048107.331358
