pair_id=104
inliers=4
inlier_RMSE_px=0.934745
MSE_matrix=42171.902339
MSE_points_50=1147717682.949706
