pair_id=125
inliers=4
inlier_RMSE_px=0.928501
MSE_matrix=34860.534754
MSE_points_50=8416479392517.023438
