pair_id=73
inliers=3
inlier_RMSE_px=0.000000
MSE_matrix=62156.644618
MSE_points_50=1189861293.052786
