pair_id=181
inliers=3
inlier_RMSE_px=0.000000
MSE_matrix=178718211.015041
MSE_points_50=17381447.511653
