pair_id=56
inliers=4
inlier_RMSE_px=0.560376
MSE_matrix=63346.308536
MSE_points_50=235829206.967059
