pair_id=26
inliers=4
inlier_RMSE_px=0.928157
MSE_matrix=112469.447893
MSE_points_50=486569171.155554
