pair_id=187
inliers=3
inlier_RMSE_px=0.000000
MSE_matrix=856126.044698
MSE_points_50=471583.389368
