pair_id=100
inliers=4
inlier_RMSE_px=0.582354
MSE_matrix=144395.175707
MSE_points_50=3576392451641816.500000
