pair_id=66
inliers=4
inlier_RMSE_px=0.627605
MSE_matrix=29705.064342
MSE_points_50=32080224.958908
