pair_id=33
inliers=4
inlier_RMSE_px=0.559965
MSE_matrix=34429.125587
MSE_points_50=2395015.162572
