pair_id=23
inliers=4
inlier_RMSE_px=0.669872
MSE_matrix=108241.674067
MSE_points_50=52249492658504592.000000
