pair_id=13
inliers=4
inlier_RMSE_px=0.148817
MSE_matrix=968093.368211
MSE_points_50=22568531228.762806
