pair_id=67
inliers=4
inlier_RMSE_px=0.857685
MSE_matrix=91708.852929
MSE_points_50=21705653013.551636
