pair_id=198
inliers=4
inlier_RMSE_px=1.147611
MSE_matrix=26932.185453
MSE_points_50=65759.950504
