pair_id=197
inliers=3
inlier_RMSE_px=0.000000
MSE_matrix=18256864.661458
MSE_points_50=878077913158.317993
