pair_id=119
inliers=4
inlier_RMSE_px=0.712356
MSE_matrix=127870.244093
MSE_points_50=78582298805.878235
