pair_id=174
inliers=3
inlier_RMSE_px=0.000000
MSE_matrix=14380294.794982
MSE_points_50=115812550.398925
