pair_id=192
inliers=3
inlier_RMSE_px=0.000000
MSE_matrix=12546.619027
MSE_points_50=7568516025673.988281
