pair_id=46
inliers=4
inlier_RMSE_px=0.444305
MSE_matrix=344738.668525
MSE_points_50=177103883066.526520
