pair_id=20
inliers=3
inlier_RMSE_px=0.000000
MSE_matrix=2939613.519505
MSE_points_50=264383603.570768
