pair_id=41
inliers=4
inlier_RMSE_px=0.842548
MSE_matrix=92455.109175
MSE_points_50=52052168094311.351562
