pair_id=78
inliers=4
inlier_RMSE_px=0.933347
MSE_matrix=113278.115778
MSE_points_50=1068738701108704.375000
