pair_id=167
inliers=4
inlier_RMSE_px=0.661065
MSE_matrix=49105.165809
MSE_points_50=643805168577127.125000
