pair_id=154
inliers=4
inlier_RMSE_px=0.794492
MSE_matrix=95137.614718
MSE_points_50=50853377032.398720
