pair_id=83
inliers=4
inlier_RMSE_px=0.300905
MSE_matrix=301208.337879
MSE_points_50=6137828.413845
