pair_id=47
inliers=4
inlier_RMSE_px=0.755077
MSE_matrix=825470.172211
MSE_points_50=21376341.416495
