pair_id=122
inliers=3
inlier_RMSE_px=0.000000
MSE_matrix=103508461.499657
MSE_points_50=15193738.121980
