pair_id=80
inliers=4
inlier_RMSE_px=0.964615
MSE_matrix=14611.486973
MSE_points_50=503432919.050212
