pair_id=194
inliers=4
inlier_RMSE_px=1.115034
MSE_matrix=64467.909878
MSE_points_50=1992234777.543935
