pair_id=22
inliers=3
inlier_RMSE_px=0.000000
MSE_matrix=7955998.422862
MSE_points_50=960288.951972
