pair_id=108
inliers=3
inlier_RMSE_px=0.000000
MSE_matrix=285534026.878076
MSE_points_50=26386741.824749
