pair_id=146
inliers=3
inlier_RMSE_px=0.000000
MSE_matrix=1398783.882795
MSE_points_50=1404172824936811.250000
