pair_id=90
inliers=3
inlier_RMSE_px=0.000001
MSE_matrix=70128072563.869370
MSE_points_50=5603549.269399
