pair_id=18
inliers=3
inlier_RMSE_px=0.000000
MSE_matrix=934136333.729581
MSE_points_50=11681471.916499
