pair_id=3
inliers=4
inlier_RMSE_px=0.679329
MSE_matrix=100246.841099
MSE_points_50=151901268482661.718750
