pair_id=109
inliers=4
inlier_RMSE_px=0.980343
MSE_matrix=13794.353306
MSE_points_50=1565013214.278270
