pair_id=110
inliers=4
inlier_RMSE_px=0.962547
MSE_matrix=83714.576931
MSE_points_50=56831149.808752
