pair_id=117
inliers=4
inlier_RMSE_px=0.757632
MSE_matrix=171725.302757
MSE_points_50=69371323198.451828
