pair_id=5
inliers=3
inlier_RMSE_px=0.000000
MSE_matrix=2454.102899
MSE_points_50=1295096.859979
