pair_id=2
inliers=3
inlier_RMSE_px=0.000000
MSE_matrix=1039502.059009
MSE_points_50=5341687575.545476
