pair_id=45
inliers=4
inlier_RMSE_px=0.654831
MSE_matrix=14019815.434733
MSE_points_50=9975411.838017
