pair_id=11
inliers=4
inlier_RMSE_px=0.304773
MSE_matrix=308742.182281
MSE_points_50=40770037.353325
