pair_id=179
inliers=4
inlier_RMSE_px=0.988260
MSE_matrix=41020.577063
MSE_points_50=32317240304.103115
