pair_id=149
inliers=3
inlier_RMSE_px=0.000000
MSE_matrix=1302111.234334
MSE_points_50=1147817.878668
