pair_id=155
inliers=4
inlier_RMSE_px=0.722718
MSE_matrix=36986.662423
MSE_points_50=129109197481989.578125
