pair_id=145
inliers=3
inlier_RMSE_px=0.000000
MSE_matrix=1303233.380709
MSE_points_50=2562204.755880
