pair_id=64
inliers=4
inlier_RMSE_px=0.850993
MSE_matrix=153084.755322
MSE_points_50=4574264717989.643555
