pair_id=91
inliers=3
inlier_RMSE_px=0.000000
MSE_matrix=378740.465155
MSE_points_50=1391428130.764826
