pair_id=175
inliers=4
inlier_RMSE_px=0.270191
MSE_matrix=124008.090154
MSE_points_50=16555453.157478
