pair_id=89
inliers=3
inlier_RMSE_px=0.000000
MSE_matrix=472073.814616
MSE_points_50=69373654306.116333
