pair_id=200
inliers=3
inlier_RMSE_px=0.000000
MSE_matrix=211366380.148086
MSE_points_50=40783852.632588
