pair_id=25
inliers=3
inlier_RMSE_px=0.000000
MSE_matrix=38135028.630886
MSE_points_50=88668150.688557
