pair_id=68
inliers=4
inlier_RMSE_px=0.527987
MSE_matrix=135027.812853
MSE_points_50=1314226281.992789
