pair_id=171
inliers=4
inlier_RMSE_px=0.764184
MSE_matrix=1132834.022889
MSE_points_50=1980823.942812
