pair_id=29
inliers=4
inlier_RMSE_px=0.827281
MSE_matrix=58466.802111
MSE_points_50=264171773.937667
