pair_id=186
inliers=4
inlier_RMSE_px=0.723498
MSE_matrix=114630.433978
MSE_points_50=266939152862734752.000000
