pair_id=19
inliers=4
inlier_RMSE_px=0.444186
MSE_matrix=96425.923830
MSE_points_50=1801547433.362368
