pair_id=148
inliers=4
inlier_RMSE_px=0.331631
MSE_matrix=66163.156465
MSE_points_50=9721275392.576324
