pair_id=137
inliers=4
inlier_RMSE_px=0.901579
MSE_matrix=65049.168548
MSE_points_50=1015320031.380146
